2023-05-25, 16:50:21.222442, 710000000, 715000000, 1000000.00, 20, -48.43, -49.43, -60.15, -48.49, -60.43
2023-05-25, 16:50:21.222442, 705000000, 710000000, 1000000.00, 20, -59.18, -53.58, -54.20, -58.00, -66.39
2023-05-25, 16:50:21.222442, 715000000, 720000000, 1000000.00, 20, -47.23, -48.08, -47.61, -48.07, -47.45
2023-05-25, 16:50:21.222442, 720000000, 725000000, 1000000.00, 20, -46.71, -53.90, -49.32, -49.86, -50.77
2023-05-25, 16:50:21.222442, 730000000, 735000000, 1000000.00, 20, -51.17, -62.35, -56.60, -57.88, -50.15
2023-05-25, 16:50:21.222442, 725000000, 730000000, 1000000.00, 20, -53.24, -48.39, -51.32, -65.33, -56.49
2023-05-25, 16:50:21.222442, 735000000, 740000000, 1000000.00, 20, -42.93, -47.30, -55.27, -58.81, -50.59
2023-05-25, 16:50:21.222442, 740000000, 745000000, 1000000.00, 20, -51.68, -48.46, -56.59, -54.52, -54.53
2023-05-25, 16:50:21.222442, 750000000, 755000000, 1000000.00, 20, -49.54, -54.73, -45.40, -47.53, -52.50
2023-05-25, 16:50:21.222442, 745000000, 750000000, 1000000.00, 20, -64.77, -59.36, -51.78, -50.12, -53.31
2023-05-25, 16:50:21.222442, 755000000, 760000000, 1000000.00, 20, -45.92, -49.15, -51.26, -53.52, -46.22
2023-05-25, 16:50:21.222442, 760000000, 765000000, 1000000.00, 20, -37.50, -40.53, -41.75, -42.35, -42.22
2023-05-25, 16:50:21.222442, 770000000, 775000000, 1000000.00, 20, -60.49, -59.60, -59.17, -59.47, -55.26
2023-05-25, 16:50:21.222442, 765000000, 770000000, 1000000.00, 20, -42.11, -43.47, -47.91, -54.51, -52.37
2023-05-25, 16:50:21.222442, 775000000, 780000000, 1000000.00, 20, -60.94, -62.46, -52.71, -52.08, -57.13
2023-05-25, 16:50:21.222442, 780000000, 785000000, 1000000.00, 20, -53.09, -51.13, -51.61, -55.25, -57.14
2023-05-25, 16:50:21.222442, 790000000, 795000000, 1000000.00, 20, -50.82, -57.76, -56.87, -52.94, -50.38
2023-05-25, 16:50:21.222442, 785000000, 790000000, 1000000.00, 20, -53.58, -54.64, -62.39, -60.40, -60.17
2023-05-25, 16:50:21.222442, 795000000, 800000000, 1000000.00, 20, -65.32, -63.33, -57.49, -54.47, -47.92
2023-05-25, 16:50:21.242066, 810000000, 815000000, 1000000.00, 20, -61.47, -65.33, -61.32, -68.92, -58.01
2023-05-25, 16:50:21.242066, 805000000, 810000000, 1000000.00, 20, -55.96, -57.55, -61.45, -58.58, -63.40
2023-05-25, 16:50:21.242066, 815000000, 820000000, 1000000.00, 20, -57.86, -58.89, -67.37, -54.45, -52.84
2023-05-25, 16:50:21.242066, 820000000, 825000000, 1000000.00, 20, -50.11, -53.59, -58.36, -57.99, -57.15
2023-05-25, 16:50:21.242066, 830000000, 835000000, 1000000.00, 20, -53.51, -58.30, -61.28, -54.62, -54.34
2023-05-25, 16:50:21.242066, 825000000, 830000000, 1000000.00, 20, -70.66, -57.36, -61.09, -61.39, -59.74
2023-05-25, 16:50:21.242066, 835000000, 840000000, 1000000.00, 20, -60.18, -56.88, -63.47, -59.11, -48.12
2023-05-25, 16:50:21.242066, 840000000, 845000000, 1000000.00, 20, -52.25, -57.49, -57.88, -58.14, -55.47
2023-05-25, 16:50:21.242066, 850000000, 855000000, 1000000.00, 20, -60.78, -58.35, -56.15, -57.25, -65.43
2023-05-25, 16:50:21.242066, 845000000, 850000000, 1000000.00, 20, -60.29, -60.95, -55.68, -53.22, -57.94
2023-05-25, 16:50:21.242066, 855000000, 860000000, 1000000.00, 20, -64.31, -64.91, -58.89, -58.04, -64.03
2023-05-25, 16:50:21.242066, 860000000, 865000000, 1000000.00, 20, -54.83, -58.78, -60.80, -64.00, -62.40
2023-05-25, 16:50:21.242066, 870000000, 875000000, 1000000.00, 20, -68.26, -61.83, -59.27, -58.98, -54.64
2023-05-25, 16:50:21.242066, 865000000, 870000000, 1000000.00, 20, -55.54, -58.57, -62.67, -65.86, -74.61
2023-05-25, 16:50:21.242066, 875000000, 880000000, 1000000.00, 20, -55.75, -54.24, -53.77, -54.57, -53.01
2023-05-25, 16:50:21.242066, 880000000, 885000000, 1000000.00, 20, -51.33, -63.50, -57.59, -57.75, -74.22
2023-05-25, 16:50:21.242066, 890000000, 895000000, 1000000.00, 20, -55.89, -53.48, -61.39, -60.99, -63.65
2023-05-25, 16:50:21.242066, 885000000, 890000000, 1000000.00, 20, -56.23, -52.83, -59.90, -64.67, -60.84
2023-05-25, 16:50:21.242066, 895000000, 900000000, 1000000.00, 20, -51.55, -58.08, -66.81, -64.60, -64.17
2023-05-25, 16:50:21.242066, 900000000, 905000000, 1000000.00, 20, -54.00, -55.17, -54.02, -55.51, -61.94
2023-05-25, 16:50:21.242066, 910000000, 915000000, 1000000.00, 20, -50.06, -53.03, -61.27, -60.91, -54.66
2023-05-25, 16:50:21.242066, 905000000, 910000000, 1000000.00, 20, -62.96, -58.56, -52.12, -54.22, -59.37
2023-05-25, 16:50:21.242066, 915000000, 920000000, 1000000.00, 20, -63.76, -56.21, -61.87, -58.20, -46.62
2023-05-25, 16:50:21.242066, 920000000, 925000000, 1000000.00, 20, -45.56, -55.46, -63.32, -60.84, -64.83
2023-05-25, 16:50:21.242066, 930000000, 935000000, 1000000.00, 20, -61.98, -61.74, -55.16, -52.56, -51.35
2023-05-25, 16:50:21.242066, 925000000, 930000000, 1000000.00, 20, -50.89, -49.34, -49.97, -51.47, -55.67
2023-05-25, 16:50:21.242066, 935000000, 940000000, 1000000.00, 20, -52.71, -64.22, -55.99, -61.79, -55.47
2023-05-25, 16:50:21.242066, 940000000, 945000000, 1000000.00, 20, -48.78, -52.35, -60.21, -62.91, -56.87
2023-05-25, 16:50:21.242066, 950000000, 955000000, 1000000.00, 20, -62.39, -60.36, -60.56, -56.72, -59.84
2023-05-25, 16:50:21.242066, 945000000, 950000000, 1000000.00, 20, -58.63, -71.23, -54.21, -56.14, -58.04
2023-05-25, 16:50:21.242066, 955000000, 960000000, 1000000.00, 20, -57.02, -57.56, -55.15, -66.36, -58.71
2023-05-25, 16:50:21.261738, 960000000, 965000000, 1000000.00, 20, -47.60, -51.54, -52.74, -72.37, -52.96
2023-05-25, 16:50:21.261738, 970000000, 975000000, 1000000.00, 20, -59.50, -56.35, -61.06, -60.97, -60.31
2023-05-25, 16:50:21.261738, 965000000, 970000000, 1000000.00, 20, -59.61, -57.42, -53.93, -53.78, -59.85
2023-05-25, 16:50:21.261738, 975000000, 980000000, 1000000.00, 20, -68.31, -67.29, -59.61, -63.08, -56.31
2023-05-25, 16:50:21.261738, 980000000, 985000000, 1000000.00, 20, -59.51, -73.40, -68.13, -59.65, -54.99
2023-05-25, 16:50:21.261738, 990000000, 995000000, 1000000.00, 20, -51.68, -51.09, -59.91, -66.80, -62.03
2023-05-25, 16:50:21.261738, 985000000, 990000000, 1000000.00, 20, -57.30, -60.22, -61.57, -61.21, -52.60
2023-05-25, 16:50:21.261738, 995000000, 1000000000, 1000000.00, 20, -61.27, -68.51, -55.47, -67.31, -43.85
2023-05-25, 16:50:21.261738, 1000000000, 1005000000, 1000000.00, 20, -42.66, -53.67, -56.87, -61.62, -64.77
2023-05-25, 16:50:21.261738, 1010000000, 1015000000, 1000000.00, 20, -54.77, -60.12, -59.05, -64.82, -62.56